71164968
71167781
71245410
71254942
71264468
71283633
71304579
71310960
71323537
71340007
71344885
71369826
71391666
71391667
71395977
71396743
71424913
71431211
71446677
71565293
71581073
71627171
71695333
72199422
72396702
72396705
72438694
72506219
72743017
72755670
72765428
73410785
73414882
73446763
73553813
73659125
73659128
73697263
73708984
73745542
73894578
73987990
74635187
74857069
75412124
76281377
76545107
76550138
76780040
76785279
76790740
77230578
77308997
77313618
77373292
77463925
77539036
77816710
78054740
78146408
79001978
79002141
79007056
79357431
79366158
79727147
79984665
80097113
80097298
80097915
80100459
80101044
80693793
81217652
81217858
81218372
81228560
81358594
81358707
81546659
81780945
82050165
82075529
82076265
82088576
82113003
82125049
82126497
82126506
82128056
82138820
82157991
82185766
82207949
82264803
82267707
82284262
82364064
82397005
82401307
82404823
82404828
82412364
82512080
82553943
82597907
82598401
82601879
82605674
82652602
82653039
82656175
82663530
83109074
83223773
83224040
83396440
83396896
83441796
83481747
83529827
83531947
83543209
83619933
83627890
83627991
83635708
83671071
83680700
83688311
83696812
83699424
83699445
83720091
83721702
83738503
83764672
83764681
83813703
83817117
83818775
83820427
83830629
83842752
83853545
83880316
83909182
83909735
83909753
83914658
83920712
83950178
83957783
83985943
84012136
84018647
84023035
84023572
84031722
84041955
84049140
84049386
84051462
84079858
84079863
84108677
84109122
84113977
84650314
84655399
84660307
84660403
84666018
84669258
84669260
84717539
84719014
84726077
84727743
84731310
84731380
84769488
84770630
84773946
84773949
84776658
84780141
84782202
84782261
84783324
84791100
85144667
85144969
85308278
85348884
85537299
85537601
85582145
85623541
85789662
85792907
85828919
85848608
85853163
86060256
86183848
86221908
86309303
86310600
86311828
86326409
86740857
87073193
87184697
87248755
87425256
87518854
87550093
87578328
87612407
87698040
87709174
87709177
87811658
87907656
87983604
88045911
88111012
88145001
88151753
88358502
88369515
88389936
88422445
88443363
88601967
88635566
88692826
88753373
88846469
89028915
89118273
89198400
89327684
89363668
89709785
89788608
89815588
90444348
90487996
90668174
90668177
90668178
90668179
90689812
90695549
90702822
90709187
90724067
90725465
90734067
90740331
90765746
90794004
90806809
90807479
90819643
90831006
90854825
90872963
90875886
90884918
90904314
90908255
90917340
90996044
91006978
91006990
91026843
91056413
91118485
91155404
91177773
91197116
91197463
91198564
91205028
91225070
91231844
91261440
91294537
91300347
91334238
91337938
91344831
91348743
91358998
91361081
91368157
91374169
91377489
91396936
91405055
91407990
91411790
91427546
91434889
91439410
91451759
91468636
91472340
91490510
91497734
91507153
91518044
91561793
91592649
91592718
91608530
91622236
91622811
91756564
91820107
91820190
91820424
91820425
91820477
91820489
91820490
91883071
91883123
92033324
92163497
92171232
92179538
92204628
92238629
92271319
92287761
92288747
92289691
92466205
93299333
93495420
93513493
93514122
93660582
93831137
94422835
94425307
94426850
94681755
94863891
95022373
95022374
95396528
95396529
95438815
95473874
96007907
96012464
96081679
96123401
96125689
96125825
96125858
96126452
96131513
96227130
96545870
96587766
96754255
96781367
96781368
96893055
97046744
97046745
97047034
97052451
97545174
98042481
100051939
101078580
101111232
101205458
101207897
101240271
101262745
101364536
101364845
101404331
101484262
101620422
101666268
101795776
101925832
102274379
102346177
102377359
102515148
103303125
104077256
104875732
105434007
105439946
105447904
105447995
105449686
105454090
105482503
105515226
105533265
105533346
107655011
107686216
112694310
112757966
114335311
114346575
114938103
115017252
115021895
115061096
116838202
116918009
116991607
117176495
117245365
117269072
117269161
117283034
117290601
117290604
117300331
117329376
117369352
117601957
117601958
117601960
117601970
117602230
117602269
117602286
117622543
117622642
117630962
117630991
117647863
117656255
117662361
117662364
117681784
117688127
117704997
117705768
117719819
117729215
117737686
117737687
117743563
117761843
117762928
117772078
117779152
117787279
117798626
117798627
117798628
117815738
117817944
117823310
117834038
117835805
117835806
117846521
117857754
117859827
117859829
117881407
117882592
117883187
117884851
117886623
117890271
117899601
117911937
117942972
117942974
117957207
117957681
117967134
117967282
117975225
117975649
117977032
118000581
118000586
118017171
118019533
118020496
118020699
118032991
118038125
118046280
118046715
118048358
118048367
118052247
118094126
118097034
118098200
118136632
118137004
118142354
118160675
118165706
118170053
118170442
118170715
118180229
118184940
118200816
118209416
118214228
118218180
118241169
118241175
118264389
118290558
118290572
118307143
118341572
118346775
118346776
118346796
118350138
118356596
118358376
118362042
118362045
118368352
118368369
118368393
118368412
118370749
118372086
118389074
118404240
118404243
118433121
118433387
118433390
118433981
118438723
118444649
118444655
118471154
118494436
118498397
118498398
118498400
118513551
118524437
118527025
118533432
118533857
118537230
118540313
118540314
118541067
118551183
118552179
118556734
118561775
118565578
118565579
118565583
118565588
118565589
118565594
118565596
118568304
118568305
118568426
118603742
118603745
118611705
118618010
118618984
118619287
118619427
118623291
118625510
118632672
118632673
118642129
118643860
118646969
118647104
118647105
118647168
118656182
118657969
118658798
118663110
118665958
118665959
118665991
118679138
118728149
118728150
118796915
118797106
118817795
118854690
118863829
118863835
118872187
118875289
118878351
118884274
118900114
118906484
118951694
118957120
118962218
118965041
118965095
119006582
119016384
119076949
119084997
121207731
121220244
121221124
121227240
121232915
121232916
121257810
121276140
121286756
121302742
121306131
121314732
121339880
121340068
121350845
121370282
121370283
121370284
121370285
121370287
121370297
121370299
121370472
121403762
121406003
121436192
121458973
121459080
121477026
121599266
122130944
122199231
122235595
122378296
122414221
122416811
122416822
122419413
122419414
122419417
122419443
122419476
122419477
122445074
122448318
122454109
122457827
122460393
122482881
122482883
122482894
122482898
122500437
122505436
122511090
122511091
122523425
122527992
122545546
122545569
122545589
122552697
122583521
122585474
122601078
122615180
122615181
122615182
122615224
122615225
122615295
122615299
122615396
122615399
122615506
122617652
122618261
122618456
122618462
122625156
122628188
122630261
122703408
122703469
123142938
123150411
123151745
123153026
123158641
123159759
123166639
123168240
123168681
123180179
123187571
123194867
123204414
123219759
123222164
123239313
123244524
123253688
123267559
123275772
123280660
123285329
123291794
123300332
123304709
123305440
123315615
123322240
123324391
123336319
123341992
123343728
123348469
123349485
123352213
123362477
123362528
123373156
123378869
123386621
123395412
123401017
123409299
123416618
123420320
123421243
123427549
123432151
123438338
123454281
123467991
123474447
123474819
123476947
123477523
123479465
123485139
123488179
123493062
123496151
123509123
123514052
123516247
123533011
123534909
123549293
123550519
123553617
123555603
123562127
123565355
123575012
123576303
123583207
123584391
123591457
123597837
123604094
123607158
123621917
123634338
123644865
123652860
123654687
123657121
123658488
123665551
123672356
123679316
123679459
123681724
123691838
123695614
123696334
123708849
123740608
123753844
123757803
123768521
123782155
123793250
123794293
123810111
123828697
123859050
124030433
124650779
124705301
125501920
125515020
127046271
127047861
127255790
129135646
129630128
129633986
129639580
129645682
129645801
129670252
129715189
129734777
129816983
129826049
129829082
129846758
129865610
129910680
129926676
129927460
129961964
129966262
129994008
130056021
130163168
130471103
130549032
130578157
130592587
130620064
130742729
130791846
130798244
130803514
130879707
130894793
130903416
130926451
130943475
130967614
131005508
131063239
131217201
131232875
131265420
131268408
131282544
131365887
131512998
131554344
131579308
131632030
131699578
131748738
131831742
131831752
131831953
131832014
131832017
131832020
131832067
131832070
131832271
131832896
131832923
131832971
131832973
131834536
131836666
131837370
131837799
131839252
131839254
131839512
131839520
131886176
131984292
132273807
133083093
133621931
133669605
133682242
134160360
134160362
134213048
134249619
134257551
134280769
134320292
134328189
134330975
134342866
134352961
134355501
134355890
134355923
134364142
134364742
134367773
134367774
134412847
134413237
134413246
134413296
134413297
134413302
134413304
134413329
134421445
134495397
134495403
134497752
134498622
134499279
134505230
134512506
134521930
134532919
134533989
134533995
134533996
134534008
134534023
134534025
134547831
134555554
134563943
134564411
134564824
134572192
134583146
134586729
134588480
134590837
134600108
134612466
134612567
134817391
134817393
134817530
134822087
134854528
134858571
134860531
134866265
134883755
134891315
134891352
134892360
134892950
134895060
134895638
134897442
134934269
134970034
134984903
134985017
134986153
134988200
134988351
135006830
135032133
135032269
135035208
135037443
135042431
135063388
135070457
135073852
135121404
135121919
135123950
135127103
135127117
135145364
135151175
135151196
135151766
135151774
135151775
135181316
135185445
135187895
135203756
135221089
135230674
135230792
135253945
135262774
135263791
135263837
135276598
135276600
135283366
135290361
135291142
135300664
135306539
135326391
135338573
135343982
135344800
135344962
135354402
135358487
135375979
135426863
135439381
135484882
135584449
135736891
135742171
135747591
135856153
135880001
136017913
136047514
136047579
136085968
136107611
136108965
136163359
136210196
136231706
136359406
136361133
136361143
136365227
136378456
136394949
136394958
136401142
136401953
136402291
136404189
136420831
136425851
136436260
136436286
136437549
136437550
136460419
136462278
136464714
136467977
136468009
136487180
136508557
136508558
136633692
137061853
137093484
137093485
137203127
137205199
137221546
137221549
137285743
137321181
137327431
137333843
137360823
137384171
137387055
137395688
137405484
137405485
137443087
137443231
137456693
137462849
137462855
137472989
137480108
137480113
137487781
137499282
137501290
137502314
137504601
137505715
137518963
137701426
137733667
138392250
138394751
138403125
138461379
138470155
138470156
138470284
138473062
138473069
138490677
138490834
138491907
138507845
138509389
138509511
138511761
138524950
138583919
138583979
138600850
138608983
138609020
138618640
138627340
138629533
138629534
138629535
138653660
138653674
138664164
138664174
138664773
138673139
138684142
138684178
138684179
138684181
138684227
138687037
138687040
138687602
138696299
138720228
138723600
138731958
138732380
138740176
138740194
138749475
138753389
138753397
138857927
138961427
138964494
138967692
138984241
138986902
139234948
139243413
139243414
139243421
139243428
139243429
139243442
139307190
139347651
139347659
139349709
139350226
139356881
139356945
139364259
139370839
139371050
139385904
139393982
139396822
139396823
139396904
139396905
139406925
139410665
139453551
139468966
139492403
139596618
139619328
139626641
139627419
139628498
139643074
139651208
139651215
139651231
139651233
139651247
139651284
139651376
139651390
139651424
139651438
139651444
139653494
139658561
139658562
139667915
139668931
139669016
139669762
139670573
139673613
139674037
139681074
139683508
139684045
139688026
139702361
139712027
139720680
139750029
139751543
139753000
139765769
139766246
139777462
139780524
139789471
139795812
139806477
139807637
139810723
139826260
139826279
139828815
139830308
139840045
139840529
139843445
139843446
139843447
139843448
139845928
139891661
139891810
139891811
139891814
139891815
139891817
139891818
139891819
139891820
139891821
139891822
139891823
139896316
139896445
139900282
139900295
139900299
139900301
139900303
139906283
139906287
139923106
139924831
139924843
139924885
139924896
139929017
139940865
139940886
139941559
139946998
139947010
139949409
139951718
139962139
139974165
139979636
139984939
139995164
139998982
139999115
140042745
140043807
140052660
140057990
140057992
140061723
140066027
140072398
140078893
140078956
140079008
140079260
140082741
140082804
140085591
140087908
140093045
140095420
140097844
140099894
140100378
140116850
140142991
140145803
140175411
140189335
140189343
140190298
140191509
140196140
140199572
140200297
140205103
140213930
140224199
140235628
140245564
140252542
140255322
140259120
140263484
140264471
140264769
140269210
140269215
140269216
140269217
140269218
140269231
140269241
140269244
140269246
140269250
140269251
140269255
140269259
140269266
140269683
140277358
140282431
140282432
140286714
140307713
140318042
140321228
140321366
140329329
140336815
140351661
140355442
140355445
140371404
140381806
140393749
140393960
140399131
140399447
140404059
140417849
140420429
140420431
140420435
140433856
140437095
140464995
140465005
140467473
140471000
140477610
140479958
140482217
140496601
140498186
140500963
140501697
140529319
140532977
140534617
140537518
140543928
140551795
140557242
140570109
140582306
140583052
140603021
140617333
140624867
140625504
140656012
140658323
140660010
140669430
140669889
140688213
140706026
140706035
140711670
140732195
140732435
140746983
140751638
140759620
140759623
140759629
140759631
140779859
140799116
140821746
140826868
140826871
140856520
140856622
140859407
140859409
140859780
140859802
140860020
140860132
140967903
140968430
140975190
140976076
140976807
140976816
140977828
140980359
140981941
140982507
140982508
140990586
140991096
140991683
140993710
140995928
141003229
141003934
141006125
141006927
141007036
141013244
141014506
141018217
141018789
141018934
141020142
141021021
141024928
141024953
141026913
141029350
141029836
141030534
141032377
141032642
141033377
141039502
141040474
141048831
141057076
141057438
141062834
141065988
141067789
141069155
141073031
141074327
141074566
141075778
141077429
141078535
141080301
141081230
141087392
141088421
141089474
141090612
141091195
141091207
141092391
141096659
141098845
141098851
141098917
141100077
141101096
141102871
141103751
141104962
141107515
141107946
141110024
141110277
141110827
141115184
141120898
141120938
141122878
141124744
141124917
141125409
141125485
141125847
141128614
141128865
141129648
141131084
141132813
141135836
141136046
141136488
141136516
141137992
141143015
141162043
141162159
141163528
141165874
141168717
141171374
141178927
141182499
141182504
141182515
141182518
141182522
141182545
141183168
141184801
141185556
141185558
141185559
141185561
141185564
141185565
141185893
141190242
141191467
141198671
141198696
141202135
141202313
141207930
141210219
141210274
141213158
141213965
141218316
141218446
141219349
141219351
141225239
141231874
141233553
141236969
141242619
141242620
141244586
141248845
141250952
141253919
141259894
141263801
141265131
141265647
141266308
141274676
141274696
141286377
141287703
141291464
141293642
141296542
141298500
141299616
141309719
141314767
141314836
141314837
141317062
141324825
141327883
141331555
141333204
141338908
141343629
141344222
141345334
141348404
141357871
141366590
141375109
141375345
141375351
141378532
141379769
141380689
141384875
141388319
141388321
141409632
141413644
141414094
141415314
141426879
141430149
141433671
141435886
141436221
141441199
141445113
141448771
141451787
141456508
141479676
141484362
141485651
141496452
141504058
141506816
141512990
141515923
141531202
141540433
141543400
141543687
141550368
141550373
141550386
141569419
141580207
141611942
141613130
141629262
141629263
141632130
141648768
141650363
141673542
141691634
141717730
141721687
141721690
141725752
141727518
141728069
141728255
141763597
141768762
141781116
141781133
141792196
141806940
141816568
141832556
141842825
141862934
141868412
141886080
141892310
141895893
141903339
141906771
141906802
141911736
141913919
141916399
141924929
141926440
141937630
141973207
141982540
141983205
141991155
142008626
142030963
142038675
142043103
142057109
142064933
142065240
142066903
142073113
142081527
142085353
142101685
142102997
142117755
142130099
142132884
142134967
142142960
142157833
142157874
142157946
142165460
142182522
142185107
142189438
142190174
142194162
142207605
142207619
142207724
142220659
142221728
142234959
142245953
142249113
142249127
142258029
142265807
142267066
142267927
142269624
142276017
142280140
142319039
142370635
142370643
142372184
142376269
142387450
142408108
142447222
142472520
142472542
142483421
142501003
142502700
142542284
142547162
142585872
142586488
142631001
142633845
142636009
142636156
142637640
142638208
142638597
142641812
142644123
142646527
142651883
142656371
142665556
142672172
142690878
142695071
142699788
142706459
142709495
142712016
142712017
142712019
142721371
142723383
142723390
142730348
142732225
142741070
142742736
142747816
142756670
142757326
142761086
142761380
142763136
142766517
142768830
142776599
142776825
142778160
142778544
142779003
142781435
142782252
142782295
142784094
142788131
142791124
142792127
142797812
142819320
142819344
142820590
142834617
142854145
142877260
142877263
142898170
142902954
142914486
142921798
142921806
142921813
142921819
142924516
142948744
142972817
143005599
143006404
143039125
143063858
143065429
143065458
143079656
143088168
143095394
143113639
143115499
143118931
143123409
143123414
143125476
143125647
143131510
143131664
143131665
143134005
143135216
143135220
143147816
143147817
143147835
143158848
143159314
143191317
143206839
143210464
143210474
143219586
143227727
143227821
143237455
143243222
143260598
143270673
143296902
143297289
143297342
143297686
143351296
143371764
143387426
143391514
143393993
143394018
143394047
143394098
143394268
143395935
143426826
143429786
143454048
143454854
143471651
143482533
143517083
143520221
143556097
143579900
143584395
143594074
143649953
143649960
143663985
143689214
143754544
143776648
143788504
143789022
143803297
143803310
143803365
143805777
143815547
143819523
143824747
143846188
143851269
143852599
143862906
143867085
143959344
143991690
144038244
144045443
144069184
144118542
144154551
144157344
144157593
144166198
144180458
144180681
144198133
144198135
144203937
144208549
144243386
144243389
144279687
144318810
144335681
144350418
144410915
144410926
144410948
144422403
144443391
144451232
144467926
144469202
144482112
144489886
144497330
144532783
144534399
144566628
144578050
144611033
144627176
144627639
144627970
144633758
144636883
144636942
144639315
144706228
144715183
144748364
144753957
144762478
144802674
144850895
144861691
144913508
144913582
144933264
144937813
144944973
144967319
144999211
145018869
145030342
145050952
145055482
145077822
145154280
145170404
145228294
145323026
145329703
145350509
145397922
145414904
145427466
145427488
145465650
145487532
145538346
145541352
145563015
145567379
145567388
145567464
145599669
145616042
145623996
145630532
145681784
145689875
145694423
145705698
145723024
145723869
145729920
145730535
145735673
145735674
145737857
145747568
145760034
145760036
145760038
145795577
145798723
145801231
145804250
145805369
145815183
145821739
145822746
145822951
145828533
145841307
145842595
145845211
145846605
145853745
145859530
145860848
145862975
146014998
146170788
146569221
146740784
146884777
146952650
147067841
147114444
147230115
147281281
147538826
147741778
148222863
148243724
148244343
148365689
148496348
148957428
149146448
149146449
149227443
149239820
149270767
149287019
149365248
149406849
149412552
149537188
149894090
149932539
150057579
150388823
150444172
150730648
150731906
150739089
150872853
150872854
150902330
150902331
150910485
150978774
150978834
151017231
151163111
151196020
151486444
151534268
151534269
151743049
151751053
151811312
151862812
151909809
151937576
151954461
152024996
152076727
152127968
152143531
152212455
152284385
152309370
152312454
152323465
152346095
152438324
152538427
152543449
152650709
152779651
152779653
152779720
152779723
153052046
153192631
153674628
153695625
153707514
153710459
153738197
153747498
153760683
153782413
153917701
153928255
153930853
153997719
154037009
154060837
154067697
154080102
154118311
154122966
154179290
154211069
154262256
154265009
154364721
154546822
154550731
